#   89.242  -2.780  17.095 ;Mean Elev.(m), Avg Gradient(m/km), RMS Gradient(m/km)
  8 283.265234  40.125330   156.305   156.305  2 52484.64998790  3.731
 10 283.267302  40.128816    84.329    84.403  3 52554.65000089 21.147
 12 283.269767  40.129851    85.575    85.672  3 52624.64992485 19.447
 15 283.273727  40.128363    93.246    93.448  3 52729.64996790 15.598
 21 283.264286  40.130818    84.550    84.550  2 52939.65001381 27.195
 22 283.271246  40.130152    85.678    85.763  3 52974.65005592 18.724
 23 283.264939  40.130182    89.145    89.145  2 53009.65006176 39.019
 26 283.267367  40.125116    85.072    85.072  2 53114.65002730 48.494
 27 283.267593  40.133392    85.116    85.116  2 53149.65007184 20.001
 31 283.268066  40.130629    85.964    85.823  3 53289.65007507 17.801
 41 283.269618  40.124288   149.936   149.936  2 53639.65005784  4.412
 46 283.266137  40.129455    85.620    85.495  3 53814.64991899 15.732
 52 283.274539  40.127917    86.451    86.680  3 54024.65004344 40.838
 55 283.276216  40.127684    88.194    87.392  3 54129.64995564 27.347
 57 283.273019  40.127488   155.154   157.528  3 54199.64995868  1.458
 59 283.270872  40.129554    85.650    85.608  4 54269.65001778 30.676
 60 283.271450  40.129460    84.338    84.739  3 54304.65002111 42.418
 63 283.268813  40.128833    87.649    87.971  4 54409.64995111 36.237
 70 283.268384  40.128446   155.948   156.388  4 54654.64995878  2.961
 76 283.274286  40.127171   154.476   157.176  3 54864.64989640  2.695
 77 283.266841  40.129796    87.898    87.429  3 54899.64992099 12.374
 79 283.271141  40.128778    84.717    84.824  4 54969.64992199 17.532
 80 283.267693  40.129310    86.811    87.090  4 55004.64994200 14.983
 82 283.267719  40.129714    85.476    84.894  4 55074.64991251 20.801
 86 283.268709  40.128156    87.552    87.535  4 55214.64986017 33.071
 88 283.266347  40.128123   170.439   171.607  3 55284.64985373  4.453
 89 283.268104  40.128246   156.393   157.234  4 55319.64982543  3.785
 93 283.268275  40.129445    83.260    83.729  3 55459.64981396 21.296
