#   21.804  -2.845  16.221 ;Mean Elev.(m), Avg Gradient(m/km), RMS Gradient(m/km)
  9 283.836772  39.652704    92.154    97.849  4 52535.64806045 11.250
 10 283.833110  39.653276     6.477     6.280  3 52570.64809326 29.624
 11 283.830741  39.655740     6.334     6.467  3 52605.64806436 28.545
 12 283.834673  39.654091   105.433   104.962  3 52640.64805332  5.790
 13 283.831333  39.654992    95.261    95.235  3 52675.64804478  8.893
 14 283.834576  39.653914     6.830     6.834  3 52710.64806741 36.758
 15 283.825358  39.662433     7.949     8.131  3 52745.64809407 21.360
 16 283.835849  39.652212     2.492     7.508  3 52780.64803271 31.340
 17 283.835020  39.654244    31.163    30.900  3 52815.64811415 15.664
 18 283.836027  39.653063     7.185     7.564  4 52850.64816616 35.807
 19 283.829780  39.656480   101.684   101.684  2 52885.64820059  3.543
 20 283.830722  39.656920   100.737   100.737  2 52920.64815638  1.952
 22 283.839269  39.650047   103.389   103.308  3 52990.64813637  5.225
 23 283.837545  39.651479    84.535    92.253  3 53025.64810614 12.134
 25 283.825109  39.662446    34.994    35.164  3 53095.64814290 22.978
 28 283.833232  39.654557     7.002     7.292  3 53200.64819005 23.690
 30 283.837688  39.646458    68.700    68.700  2 53270.64812252  9.470
 31 283.829828  39.657052    18.556    18.556  2 53305.64818385 34.177
 33 283.831870  39.656797   105.778   104.573  3 53375.64808189  3.255
 34 283.836374  39.651867   102.722   101.766  4 53410.64812733  2.099
 35 283.828845  39.658617     7.528     7.528  2 53445.64810867 31.057
 36 283.829741  39.656341    85.535    94.229  3 53480.64819201  9.334
 37 283.833397  39.656573   103.033   104.527  3 53515.64819669  3.032
 38 283.827256  39.658175     5.996     5.996  2 53550.64821646 39.033
 39 283.832379  39.651606     4.321     4.321  2 53585.64817643 35.483
 40 283.833385  39.656113     4.198     4.751  3 53620.64813432 41.309
 42 283.830212  39.657050     6.200     6.200  2 53690.64815423 31.796
 43 283.830738  39.657531    95.141    96.511  3 53725.64807811  7.444
 45 283.833944  39.654831     7.908     7.841  3 53795.64804194 26.839
 47 283.833040  39.654018     6.488     6.615  3 53865.64809862 38.588
 48 283.833549  39.655954     5.890     6.047  3 53900.64812561 36.567
 49 283.825711  39.662599    34.943    34.716  4 53935.64816577 38.322
 50 283.826980  39.657280     2.761     2.761  2 53970.64813480 37.201
 51 283.839516  39.649671     6.228     6.279  3 54005.64811422 40.786
 52 283.838483  39.651671    22.749    27.896  4 54040.64814353 24.861
 53 283.832775  39.656803     8.337     8.366  3 54075.64813724 24.916
 54 283.827321  39.658976    10.164    10.164  2 54110.64807949 13.442
 55 283.835534  39.654552   103.860   104.196  3 54145.64807716  1.975
 56 283.828695  39.658063    34.132    34.132  2 54180.64806590 15.734
 58 283.833072  39.653506     5.910     6.129  3 54250.64811210 39.957
 59 283.833245  39.653304    12.049     5.889  3 54285.64811895 28.554
 60 283.833834  39.653033     5.219     4.755  3 54320.64811608 39.693
 61 283.830474  39.656241    96.253   101.694  3 54355.64807704  2.605
 62 283.834541  39.654791     3.529     3.845  3 54390.64805640 44.223
 63 283.831853  39.654888    78.775   101.154  3 54425.64802748 15.400
 65 283.832634  39.656203     7.426     7.609  3 54495.64803336 25.233
 67 283.829823  39.657855    15.519     7.210  3 54565.64803893 31.292
 69 283.831779  39.654401     5.157     4.967  3 54635.64805343 37.488
 70 283.831401  39.655126     5.774     5.582  3 54670.64805728 33.234
 71 283.831901  39.654534     5.231     5.241  3 54705.64801911 31.885
 72 283.835508  39.654175    36.994    36.994  2 54740.64802112 11.913
 73 283.833083  39.656282     6.155     6.167  3 54775.64800039 37.388
 74 283.836566  39.653182   101.943   100.727  3 54810.64801466  4.414
 75 283.831646  39.656578     8.401     7.274  3 54845.64799941 29.886
 76 283.833669  39.655301     8.005     7.877  3 54880.64801785 21.304
 77 283.828419  39.658980     6.404     6.404  2 54915.64800256 34.645
 78 283.832824  39.653874     6.381     6.325  3 54950.64801060 38.397
 79 283.832735  39.657454     6.173     6.173  2 54985.64803491 33.939
 80 283.833584  39.653429     6.181     5.945  3 55020.64802952 35.267
 81 283.833565  39.656619     5.640     5.695  3 55055.64802551 31.234
 82 283.829559  39.656997     6.488     6.488  2 55090.64798439 33.978
 83 283.834854  39.653859     5.721     5.590  3 55125.64796487 42.214
 84 283.831084  39.656677   105.668   105.668  2 55160.64794572  4.966
 85 283.835935  39.653159    31.464    32.306  3 55195.64795522 26.778
 86 283.829259  39.656698   101.938   101.938  2 55230.64794884  1.800
 87 283.834483  39.654384     6.662     6.346  3 55265.64795021 24.954
 88 283.830515  39.655844     7.610     6.891  3 55300.64793029 34.484
 89 283.832420  39.656934     6.092     6.805  3 55335.64792564 39.923
 90 283.833001  39.653958     5.236     5.221  3 55370.64791687 38.191
 92 283.832755  39.654657     5.005     5.005  2 55440.64793526 44.252
 93 283.830625  39.656952    15.272    15.272  2 55475.64787911 34.723
